BMaxODE = 8.80342361002194
BMinODE = 2.46024797933793

AMaxODE = 5.79255834170108
AMinODE = 2.26789894792708

MMaxODE = 2.69213920749395
MMinODE = 0.677418361848779